1 1385
2 23070
3 1208287
4 1208384
5 1208443
6 5086491
7 5152993
8 5152994
9 5152995
10 7249266
11 7253232
12 7253246
13 7253251
14 7253278
15 7268523
16 7268527
17 7268578
18 7275248
19 7277716
20 7277716
21 7880762
22 8673701
23 8697066
24 8697070
25 8697071
26 8698614
27 8698615
28 8698616
29 8700070
30 8713507
31 8713508
32 8713509
33 8714142
34 8718725
35 8720179
36 8720180
37 8720196
38 8720198
39 8720199
40 8720607
41 8722120
42 8722125
43 8736568
44 8736572
45 8736573
46 8737567
47 8738118
48 8738119
49 8739805
50 8739966
51 8739969
52 8739970
53 8741425
54 8741426
55 8741453
56 8741545
57 8741642
58 8741643
59 8741645
60 8741645
61 8743031
62 8744485
63 8755736
64 8755737
65 8755738
66 8757955
67 8759562
68 8763077
69 8763174
70 8764630
71 8766572
72 8766573
73 8766573
74 8766574
75 8766575
76 8768104
77 8768104
78 8768106
79 8768107
80 8768111
81 8768406
82 8768407
83 8769938
84 8769939
85 8769940
86 8769941
87 8769943
88 8769943
89 8771281
90 8771284
91 8786054
92 8786058
93 8790040
94 8790040
95 8790041
96 8790438
97 8793988
98 8795442
99 8795446
100 8795448
101 8796979
102 8796980
103 8796981
104 8798435
105 8798435
106 8799948
107 8801404
108 8801410
109 8801411
110 8801412
111 8801423
112 8801527
113 8802007
114 8802008
115 8803396
116 8803399
117 8803403
118 8804162
119 8804166
120 8804475
121 8808054
122 8809508
123 8809509
124 8813066
125 8814522
126 8816222
127 8816239
128 8816248
129 8817702
130 8817702
131 8817709
132 8819638
133 8821229
134 8822829
135 8822832
136 8822836
137 8825372
138 8825374
139 8825375
140 8825376
141 8827316
142 8827325
143 8827329
144 8827330
145 8827331
146 8827334
147 8827342
148 8827343
149 8827343
150 8827350
151 8827351
152 8827483
153 8828937
154 8828937
155 8828938
156 8834540
157 8834816
158 8834817
159 8834851
160 8834852
161 8837488
162 8837489
163 8837490
164 8837588
165 8837588
166 8837589
167 8837589
168 8837590
169 8837597
170 8840524
171 8840525
172 8842054
173 8842058
174 8842726
175 8842732
176 8842736
177 8844343
178 8845872
179 8845876
180 8846303
181 8848465
182 8848465
183 8848466
184 8848794
185 8848795
186 8852349
187 8854656
188 8854702
189 8856385
190 8857915
191 8857916
192 8857919
193 8857923
194 8858232
195 8858527
196 8858529
197 8858819
198 8859076
199 8859082
200 8860611
201 8862640
202 8862640
203 8864095
204 8866163
205 8866164
206 8867307
207 8869525
208 8869801
209 8871442
210 8873749
211 8876055
212 8877216
213 8877318
214 8882222
215 8882223
216 8883752
217 8885206
218 8885207
219 8886661
220 8886759
221 8886766
222 8887927
223 8887928
224 8888020
225 8888617
226 8888618
227 8888620
228 8893689
229 8893689
230 8895308
231 8895314
232 8895315
233 8896957
234 8896958
235 8896960
236 8897119
237 8899343
238 8901560
239 8901562
240 8901569
241 8903637
242 8903987
243 8903993
244 8906173
245 8907627
246 8908054
247 8908055
248 8909863
249 8909863
250 8909955
251 8909957
252 8909959
253 8909961
254 8909962
255 8909964
256 8909965
257 8913544
258 8913793
259 8914019
260 8914030
261 8915484
262 8915673
263 8915674
264 8916024
265 8916028
266 8916029
267 8916031
268 8916033
269 8916034
270 8916129
271 8916389
272 8916390
273 8916402
274 8916402
275 8916403
276 8917108
277 8920723
278 8924277
279 8924278
280 8924280
281 8926615
282 8927944
283 8927945
284 8927945
285 8928041
286 8928042
287 8928043
288 8930375
289 8930376
290 8930383
291 8930387
292 8932879
293 8932883
294 8932884
295 8932885
296 8932886
297 8932887
298 8936510
299 8936512
300 8936512
301 8936513
302 8936808
303 8936809
304 8940424
305 8940424
306 8940424
307 8940684
308 8941996
309 8942017
310 8943471
311 8945789
312 8945790
313 8945791
314 8947320
315 8948748
316 8949043
317 8950497
318 8950514
319 8950515
320 8950515
321 8950517
322 8950518
323 8950775
324 8953081
325 8953082
326 8956705
327 8956709
328 8956726
329 8956730
330 8956731
331 8957026
332 8959332
333 8960939
334 8960948
335 8960948
336 8960949
337 8963281
338 8967014
339 8967015
340 8967016
341 8969283
342 8969284
343 8969285
344 8969385
345 8969506
346 8969507
347 8969508
348 8970962
349 8970995
350 8972450
351 8972451
352 8972452
353 8974518
354 8974522
355 8974522
356 8974523
357 8976123
358 8981765
359 8981766
360 8981767
361 8982194
362 8982195
363 8983650
364 8985571
365 8985573
366 8985939
367 8986386
368 8986387
369 8986388
370 8986391
371 8986397
372 8987825
373 8987826
374 8989356
375 8993020
376 8995054
377 8996826
378 8996827
379 8996828
380 8999045
381 8999046
382 8999047
383 9001352
384 9001353
385 9001354
386 9003659
387 9003839
388 9006146
389 9007601
390 9007626
391 9009155
392 9012151
393 9012152
394 9013607
395 9019180
396 9019187
397 9019188
398 9019192
399 9019196
400 9019354
401 9022350
402 9022350
403 9022448
404 9022448
405 9023712
406 9026019
407 9028175
408 9030481
409 9030482
410 9030483
411 9030685
412 9030994
413 9031001
414 9034041
415 9034162
416 9034162
417 9034726
418 9036182
419 9036188
420 9036189
421 9036190
422 9036191
423 9038497
424 9039818
425 9039820
426 9039822
427 9039823
428 9040117
429 9042183
430 9042184
431 9042276
432 9043730
433 9043731
434 9043733
435 9043734
436 9043735
437 9043735
438 9047285
439 9048885
440 9052620
441 9054927
442 9054928
443 9055222
444 9058955
445 9062534
446 9062794
447 9064324
448 9064326
449 9064692
450 9064707
451 9064867
452 9065127
453 9065128
454 9065404
455 9065406
456 9065407
457 9065567
458 9065569
459 9065570
460 9066882
461 9066980
462 9066983
463 9070703
464 9070704
465 9070842
466 9071318
467 9072774
468 9074303
469 9075670
470 9078666
471 9080120
472 9082426
473 9082426
474 9082427
475 9082428
476 9082704
477 9082706
478 9084160
479 9084164
480 9084329
481 9088912
482 9091219
483 9091219
484 9091233
485 9091248
486 9091249
487 9092703
488 9092704
489 9092755
490 9092962
491 9094996
492 9095088
493 9098703
494 9100158
495 9101966
496 9102057
497 9102078
498 9102082
499 9102083
500 9103613
501 9103619
502 9103914
503 9105555
504 9105556
505 9107410
506 9107411
507 9109445
508 9109446
509 9109448
510 9109449
511 9109450
512 9109710
513 9115173
514 9115174
515 9116628
516 9116824
517 9116843
518 9116860
519 9116861
520 9120577
521 9120578
522 9120579
523 9120580
524 9120580
525 9122035
526 9122035
527 9122242
528 9124796
529 9124797
530 9128376
531 9129705
532 9129705
533 9129802
534 9133356
535 9133482
536 9135787
537 9136930
538 9136930
539 9138530
540 9138531
541 9143014
542 9143016
543 9144472
544 9147987
545 9149163
546 9149164
547 9149166
548 9149167
549 9151816
550 9151817
551 9151818
552 9151818
553 9151819
554 9151923
555 9155353
556 9155361
557 9155361
558 9156263
559 9158568
560 9158569
561 9159308
562 9159735
563 9159735
564 9159845
565 9159849
566 9159864
567 9159865
568 9159886
569 9160161
570 9161322
571 9161322
572 9162483
573 9164441
574 9164442
575 9167996
576 9167996
577 9168002
578 9168006
579 9168010
580 9168011
581 9168012
582 9168013
583 9170481
584 9170482
585 9170483
586 9172789
587 9172806
588 9174260
589 9174520
590 9176826
591 9178356
592 9180128
593 9181735
594 9183419
595 9185376
596 9187593
597 9189810
598 9189811
599 9193365
600 9194507
601 9194849
602 9194850
603 9194851
604 9197847
605 9199619
606 9199620
607 9202303
608 9202303
609 9202400
610 9203355
611 9203356
612 9203360
613 9203364
614 9203375
615 9203378
616 9203378
617 9203378
618 9204608
619 9205751
620 9205752
621 9205754
622 9206030
623 9206031
624 9206032
625 9207175
626 9207176
627 9207176
628 9208132
629 9208133
630 9208140
631 9208510
632 9208511
633 9210201
634 9210203
635 9210207
636 9210215
637 9211669
638 9211670
639 9211671
640 9213377
641 9214831
642 9214952
643 9214952
644 9214954
645 9214955
646 9214972
647 9214976
648 9216430
649 9218735
650 9218736
651 9218738
652 9218784
653 9218785
654 9218786
655 9220317
656 9220320
657 9220320
658 9220321
659 9220329
660 9220333
661 9220502
662 9220511
663 9220512
664 9222819
665 9225597
666 9225601
667 9225612
668 9227917
669 9233380
670 9233391
671 9233395
672 9235424
673 9235582
674 9235582
675 9235583
676 9236031
677 9236031
678 9236035
679 9237177
680 9237178
681 9238632
682 9238632
683 9238638
684 9240169
685 9240170
686 9240618
687 9241929
688 9242118
689 9242222
690 9242223
691 9243678
692 9243679
693 9243680
694 9243958
695 9243963
696 9244170
697 9244173
698 9244362
699 9244363
700 9244610
701 9244611
702 9244613
703 9244624
704 9244626
705 9244627
706 9244627
707 9244628
708 9244629
709 9244637
710 9248301
711 9250607
712 9253856
713 9255810
714 9255811
715 9257432
716 9257432
717 9257435
718 9258965
719 9260495
720 9260496
721 9260496
722 9260501
723 9260502
724 9262109
725 9262110
726 9262113
727 9262114
728 9262115
729 9263569
730 9268558
731 9269719
732 9269720
733 9269908
734 9269908
735 9273402
736 9273403
737 9274857
738 9274857
739 9274857
740 9274858
741 9274858
742 9274859
743 9274864
744 9274881
745 9274989
746 9276301
747 9276306
748 9278799
749 9278800
750 9278801
751 9279384
752 9282849
753 9283199
754 9283296
755 9285205
756 9285206
757 9285207
758 9286739
759 9286739
760 9288446
761 9288447
762 9288448
763 9288448
764 9288449
765 9290055
766 9292543
767 9292552
768 9292553
769 9292554
770 9292833
771 9292835
772 9292932
773 9293553
774 9293554
775 9297270
776 9297270
777 9297517
778 9299145
779 9299147
780 9300853
781 9303442
782 9303446
783 9304144
784 9304147
785 9305602
786 9305968
787 9305977
788 9309557
789 9309568
790 9309572
791 9310320
792 9312626
793 9312886
794 9313146
795 9314601
796 9315025
797 9315026
798 9317512
799 9319819
800 9319820
801 9320304
802 9320305
803 9320309
804 9320310
805 9320314
806 9320320
807 9320545
808 9320849
809 9320849
810 9322491
811 9327074
812 9327172
813 9327176
814 9328406
815 9328427
816 9328428
817 9328723
818 9330703
819 9330707
820 9332421
821 9332681
822 9332685
823 9332962
824 9332963
825 9332964
826 9333056
827 9335361
828 9336890
829 9337199
830 9337200
831 9338529
832 9340483
833 9340580
834 9342388
835 9342648
836 9342649
837 9342650
838 9342776
839 9342780
840 9344109
841 9344110
842 9344111
843 9344118
844 9344120
845 9344121
846 9345650
847 9345650
848 9347955
849 9347962
850 9347963
851 9347963
852 9347964
853 9347965
854 9350601
855 9350602
856 9350602
857 9350603
858 9350604
859 9350605
860 9350861
861 9350862
862 9350865
863 9350866
864 9352354
865 9352354
866 9353885
867 9353908
868 9353934
869 9353941
870 9353942
871 9353948
872 9353950
873 9354047
874 9354049
875 9354050
876 9354050
877 9354052
878 9354055
879 9354526
880 9354530
881 9354759
882 9354763
883 9355113
884 9356568
885 9357798
886 9357799
887 9357800
888 9359254
889 9360708
890 9360708
891 9362020
892 9362020
893 9362021
894 9363500
895 9363501
896 9363502
897 9369144
898 9369304
899 9369305
900 9369306
901 9370767
902 9372373
903 9372465
904 9373919
905 9374923
906 9376691
907 9376695
908 9378225
909 9378226
910 9378227
911 9378228
912 9378228
913 9381944
914 9381944
915 9383973
916 9387218
917 9387225
918 9387233
919 9387237
920 9389045
921 9389292
922 9389450
923 9389450
924 9389451
925 9389452
926 9391166
927 9394745
928 9394746
929 9394747
930 9397996
931 9401546
932 9402021
933 9402022
934 9402023
935 9402023
936 9403454
937 9403540
938 9403541
939 9403542
940 9403546
941 9403546
942 9405260
943 9407913
944 9409225
945 9409226
946 9409385
947 9409386
948 9409387
949 9409663
950 9409665
951 9409666
952 9409670
953 9409671
954 9411200
955 9412655
956 9412656
957 9412657
958 9412658
959 9414188
960 9414189
961 9414396
962 9416319
963 9417455
964 9417553
965 9417554
966 9419362
967 9419363
968 9419364
969 9422391
970 9424696
971 9429279
972 9429279
973 9429376
974 9429377
975 9429378
976 9429396
977 9434884
978 9434887
979 9436418
980 9440150
981 9440150
982 9440326
983 9440330
984 9441859
985 9443927
986 9444048
987 9444048
988 9444065
989 9444067
990 9447646
991 9447922
992 9449452
993 9449453
994 9450982
995 9450983
996 9453539
997 9453540
998 9453541
999 9453678
1000 9453679
