1 366161
2 5116041
3 5349768
4 5778633
5 6501268
6 7832764
7 8619728
8 8632192
9 8633653
10 8633894
11 8687093
12 8763203
13 8764879
14 8767916
15 8848234
16 8850411
17 8883133
18 8884653
19 8986142
20 8986935
21 9027482
22 9029365
23 9029907
24 9031583
25 9033563
26 9035961
27 9051322
28 9051824
29 9051824
30 9052723
31 9053313
32 9053816
33 9053828
34 9109953
35 9111994
36 9112836
37 9117506
38 9118655
39 9118706
40 9120747
41 9122727
42 9170039
43 9170039
44 9171187
45 9172316
46 9187465
47 9192954
48 9193015
49 9194501
50 9194620
51 9196504
52 9232479
53 9235854
54 9237834
55 9239075
56 9242847
57 9243312
58 9244988
59 9263639
60 9264477
61 9265625
62 9267686
63 9267687
64 9269274
65 9269312
66 9269783
67 9275532
68 9364287
69 9365772
70 9366803
71 9375547
72 9376012
73 9376205
74 9376669
75 9377414
76 9379969
77 9381660
78 9383771
79 9383772
80 9435493
81 9435964
82 9436442
83 9439516
84 9441495
85 9441966
86 9442399
87 9444378
88 9447297
89 9448822
90 9450900
91 9451835
92 9451836
93 9457969
94 9457989
95 9458711
96 9458913
97 9461832
98 9463812
99 9467228
100 9469783
101 9469790
102 9475301
103 9476422
104 9479650
105 9480226
106 9482071
107 9485191
108 9485204
109 9489370
110 9493831
111 9498862
112 9500046
113 9503367
114 9504237
115 9505386
116 9510084
117 9511581
118 9513464
119 9513929
120 9514524
121 9515974
122 9517122
123 9517123
124 9517983
125 9518049
126 9520211
127 9522916
128 9523849
129 9524417
130 9526254
131 9529552
132 9531246
133 9531247
134 9534568
135 9535074
136 9535271
137 9536721
138 9541006
139 9542155
140 9542155
141 9545145
142 9546100
143 9546119
144 9546584
145 9546663
146 9546686
147 9546686
148 9546784
149 9548852
150 9548861
151 9550745
152 9550745
153 9551673
154 9553118
155 9553119
156 9555610
157 9555625
158 9556124
159 9558294
160 9558956
161 9560487
162 9562569
163 9564782
164 9564877
165 9567306
166 9567880
167 9571946
168 9572410
169 9572650
170 9573311
171 9576230
172 9579550
173 9582001
174 9583082
175 9584655
176 9585163
177 9587593
178 9589079
179 9591167
180 9595869
181 9596142
182 9599159
183 9599182
184 9601475
185 9604030
186 9608619
187 9611174
188 9611927
189 9613906
190 9613928
191 9615752
192 9617839
193 9619818
194 9620506
195 9621760
196 9622231
197 9622695
198 9624674
199 9628202
200 9630537
201 9631128
202 9633193
203 9634433
204 9636528
205 9637713
206 9640631
207 9644287
208 9646753
209 9656092
210 9656369
211 9660292
212 9664292
213 9664293
214 9668672
215 9669136
216 9670009
217 9672728
218 9675741
219 9676612
220 9679684
221 9679759
222 9682024
223 9682851
224 9683277
225 9689374
226 9689839
227 9691413
228 9691539
229 9693519
230 9694895
231 9695179
232 9696420
233 9696491
234 9696509
235 9696720
236 9697248
237 9697712
238 9699161
239 9700837
240 9700923
241 9703161
242 9703162
243 9704073
244 9704576
245 9709808
246 9710553
247 9712127
248 9712213
249 9713397
250 9713502
251 9713938
252 9716434
253 9718647
254 9720350
255 9722470
256 9724147
257 9724373
258 9730226
259 9730691
260 9734657
261 9737212
262 9737677
263 9742895
264 9745107
265 9747087
266 9749661
267 9752156
268 9752157
269 9755338
270 9758465
271 9758968
272 9762183
273 9762435
274 9766353
275 9766874
276 9769086
277 9769816
278 9769817
279 9771391
280 9773442
281 9773913
282 9774474
283 9778848
284 9783060
285 9785317
286 9787091
287 9792167
288 9792688
289 9794136
290 9796530
291 9796984
292 9798436
293 9799502
294 9801042
295 9805802
296 9806305
297 9806807
298 9807391
299 9809666
300 9811965
301 9811986
302 9813436
303 9815128
304 9815170
305 9815673
306 9815673
307 9815700
308 9817115
309 9817116
310 9819774
311 9819914
312 9826003
313 9826054
314 9826282
315 9827467
316 9830385
317 9831570
318 9835498
319 9837073
320 9837538
321 9837631
322 9837898
323 9839167
324 9841722
325 9841736
326 9841760
327 9845204
328 9848829
329 9851499
330 9852740
331 9855538
332 9855538
333 9855556
334 9856594
335 9858720
336 9860932
337 9863390
338 9864965
339 9866205
340 9867354
341 9867365
342 9867835
343 9872530
344 9873715
345 9876207
346 9876207
347 9876710
348 9879265
349 9879767
350 9882322
351 9882793
352 9884326
353 9886881
354 9889311
355 9891391
356 9894024
357 9899093
358 9899830
359 9905644
360 9907170
361 9909053
362 9911265
363 9912791
364 9915179
365 9916629
366 9919931
367 9920395
368 9922464
369 9923648
370 9925795
371 9925795
372 9926029
373 9929078
374 9930319
375 9933106
376 9933107
377 9933609
378 9935821
379 9936454
380 9937447
381 9941006
382 9941509
383 9945923
384 9946803
385 9947987
386 9952260
387 9953501
388 9955384
389 9957060
390 9958941
391 9959283
392 9960768
393 9962343
394 9964426
395 9966993
396 9969032
397 9971075
398 9971466
399 9974507
400 9977062
401 9978548
402 9979288
403 9981345
404 9983324
405 9983344
406 9986722
407 9987907
408 9989056
409 9991199
410 9991600
411 9994172
412 9994214
413 9995699
414 9997762
415 9998946
416 9999449
417 9999613
418 10000418
419 10001603
420 10002188
421 10005637
422 10008863
423 10010825
424 10012269
425 10017890
426 10020612
427 10020613
428 10022683
429 10026157
430 10027833
431 10028298
432 10031195
433 10032701
434 10033488
435 10034938
436 10034938
437 10038569
438 10041745
439 10043792
440 10047364
441 10050781
442 10051010
443 10051249
444 10052955
445 10056275
446 10059193
447 10062112
448 10064542
449 10065141
450 10068060
451 10068732
452 10072124
453 10072594
454 10074878
455 10076118
456 10076137
457 10076152
458 10078934
459 10079733
460 10080272
461 10082594
462 10082820
463 10083369
464 10085582
465 10090278
466 10091404
467 10093287
468 10096805
469 10100288
470 10102368
471 10104596
472 10106575
473 10107290
474 10109502
475 10112822
476 10113785
477 10115997
478 10119529
479 10119727
480 10120776
481 10120824
482 10121214
483 10121288
484 10123717
485 10124220
486 10124685
487 10126897
488 10126908
489 10129121
490 10129130
491 10129144
492 10130037
493 10130255
494 10130258
495 10130993
496 10132518
497 10135014
498 10136588
499 10139909
500 10139915
501 10142471
502 10144148
503 10148675
504 10148679
505 10151006
506 10155876
507 10156538
508 10157779
509 10158013
510 10160931
511 10160932
512 10161504
513 10161528
514 10162235
515 10162349
516 10163799
517 10163800
518 10164586
519 10166469
520 10167548
521 10170868
522 10172848
523 10174897
524 10176472
525 10176477
526 10178634
527 10178729
528 10180747
529 10182321
530 10182444
531 10184931
532 10185354
533 10187784
534 10190106
535 10190348
536 10191922
537 10191937
538 10191965
539 10197659
540 10198807
541 10201236
542 10202912
543 10202913
544 10202913
545 10204995
546 10205459
547 10207713
548 10209199
549 10210685
550 10210918
551 10211143
552 10211646
553 10214456
554 10216546
555 10217787
556 10220342
557 10220491
558 10222828
559 10223171
560 10223674
561 10225127
562 10226276
563 10228353
564 10229593
565 10232148
566 10232151
567 10234364
568 10237158
569 10239886
570 10240111
571 10243029
572 10244601
573 10247338
574 10247500
575 10247674
576 10248985
577 10252368
578 10252509
579 10253694
580 10254339
581 10255523
582 10255585
583 10257628
584 10259154
585 10262070
586 10263522
587 10266212
588 10268557
589 10268568
590 10269033
591 10269082
592 10269083
593 10269108
594 10273376
595 10274862
596 10275977
597 10276851
598 10278092
599 10280648
600 10280898
601 10283393
602 10284289
603 10286845
604 10289515
605 10291945
606 10294501
607 10297227
608 10297409
609 10299964
610 10302912
611 10305050
612 10305520
613 10305985
614 10305999
615 10308917
616 10310299
617 10311824
618 10313974
619 10315122
620 10318040
621 10318041
622 10318288
623 10318894
624 10320873
625 10320874
626 10323370
627 10328419
628 10331730
629 10333406
630 10333620
631 10334161
632 10334170
633 10336383
634 10336981
635 10339900
636 10343677
637 10348196
638 10349681
639 10352125
640 10354555
641 10355910
642 10359230
643 10361781
644 10363254
645 10365337
646 10365339
647 10366870
648 10370657
649 10371915
650 10375212
651 10380955
652 10382480
653 10383116
654 10385938
655 10385957
656 10387141
657 10388853
658 10389465
659 10393873
660 10395323
661 10397098
662 10399594
663 10400097
664 10400329
665 10401903
666 10403786
667 10406547
668 10406981
669 10408960
670 10408991
671 10409108
672 10409611
673 10415278
674 10416987
675 10418287
676 10421581
677 10423258
678 10425753
679 10428247
680 10428791
681 10431003
682 10433051
683 10433256
684 10438298
685 10438763
686 10442604
687 10444280
688 10444380
689 10446592
690 10448040
691 10448511
692 10449695
693 10449717
694 10450696
695 10450747
696 10453666
697 10455753
698 10457663
699 10461446
700 10461449
701 10461631
702 10463117
703 10463990
704 10468605
705 10470919
706 10474632
707 10478605
708 10481523
709 10484155
710 10486476
711 10486476
712 10486672
713 10490256
714 10493174
715 10496093
716 10496327
717 10499037
718 10503488
719 10508594
720 10510044
721 10512117
722 10514771
723 10519792
724 10523954
725 10524424
726 10525135
727 10527250
728 10527965
729 10529642
730 10530798
731 10531453
732 10536098
733 10536193
734 10539958
735 10539961
736 10539961
737 10541570
738 10541868
739 10543318
740 10544994
741 10546671
742 10547135
743 10548621
744 10550067
745 10550850
746 10553332
747 10556424
748 10557609
749 10559586
750 10561121
751 10561645
752 10564769
753 10566294
754 10566542
755 10567693
756 10570312
757 10574137
758 10575712
759 10575722
760 10576186
761 10576268
762 10576274
763 10580891
764 10584461
765 10584700
766 10588726
767 10589966
768 10592030
769 10593270
770 10595766
771 10595791
772 10596294
773 10598380
774 10601792
775 10601792
776 10601792
777 10603772
778 10603906
779 10604164
780 10606144
781 10608152
782 10610707
783 10612590
784 10613775
785 10613776
786 10614552
787 10618478
788 10618981
789 10621478
790 10621489
791 10624804
792 10628850
793 10630830
794 10637199
795 10639246
796 10640431
797 10643751
798 10644638
799 10646087
800 10646943
801 10649583
802 10650767
803 10651231
804 10651977
805 10655201
806 10658384
807 10658428
808 10660002
809 10661451
810 10666410
811 10666440
812 10668558
813 10670643
814 10671114
815 10671115
816 10673908
817 10676143
818 10678673
819 10680158
820 10682753
821 10684954
822 10686138
823 10688899
824 10688899
825 10691187
826 10692864
827 10692900
828 10694406
829 10695646
830 10697625
831 10699301
832 10705209
833 10705238
834 10707734
835 10709183
836 10710705
837 10712938
838 10714178
839 10717029
840 10719098
841 10719624
842 10720631
843 10720666
844 10721851
845 10722090
846 10723229
847 10725725
848 10727364
849 10727364
850 10731237
851 10732386
852 10735461
853 10735464
854 10736190
855 10738362
856 10739781
857 10742211
858 10744290
859 10744835
860 10748306
861 10750861
862 10752607
863 10756521
864 10757302
865 10758375
866 10759198
867 10760648
868 10761832
869 10762297
870 10762586
871 10767856
872 10767856
873 10770103
874 10776377
875 10776404
876 10776907
877 10778428
878 10782492
879 10782782
880 10786078
881 10788267
882 10788738
883 10789241
884 10790390
885 10790629
886 10792802
887 10794146
888 10794177
889 10797158
890 10797239
891 10797256
892 10799812
893 10800276
894 10803704
895 10804023
896 10804949
897 10807612
898 10809062
899 10813422
900 10815375
901 10817258
902 10820049
903 10822605
904 10823845
905 10827221
906 10829732
907 10832042
908 10832453
909 10836158
910 10836570
911 10840048
912 10841498
913 10842091
914 10844111
915 10844582
916 10844617
917 10846901
918 10849281
919 10852126
920 10855285
921 10856954
922 10861931
923 10862963
924 10864111
925 10864125
926 10866950
927 10866951
928 10869327
929 10871539
930 10871541
931 10872071
932 10874049
933 10874482
934 10876273
935 10876991
936 10879118
937 10881001
938 10881023
939 10883116
940 10883941
941 10887029
942 10889455
943 10890695
944 10893125
945 10893126
946 10894155
947 10894173
948 10894177
949 10895362
950 10896712
951 10899268
952 10902230
953 10902674
954 10904993
955 10905014
956 10907358
957 10907426
958 10910345
959 10913248
960 10916345
961 10918774
962 10920224
963 10920832
964 10924864
965 10925059
966 10928380
967 10929830
968 10932042
969 10933365
970 10936849
971 10938334
972 10938523
973 10939524
974 10941411
975 10943417
976 10943426
977 10943428
978 10946346
979 10946389
980 10948003
981 10948468
982 10949327
983 10951882
984 10955203
985 10956857
986 10958041
987 10958512
988 10963444
989 10964894
990 10965358
991 10965399
992 10970565
993 10970813
994 10973162
995 10975046
996 10976788
997 10977354
998 10978206
999 10978677
1000 10978892
