1 1212367
2 1363241
3 3270405
4 4842165
5 4842166
6 4843515
7 4844502
8 4845815
9 7156286
10 7156286
11 7157398
12 7476833
13 7590263
14 8056212
15 8056212
16 8056213
17 8182967
18 8182967
19 8255708
20 8263579
21 8377071
22 8377071
23 8391980
24 8393609
25 8410448
26 8410448
27 8410448
28 8410448
29 8412074
30 8453491
31 8453491
32 8473649
33 8473649
34 8557322
35 8558105
36 8569009
37 8569009
38 8569009
39 8569009
40 8569010
41 8570007
42 8571466
43 8571619
44 8571619
45 8571620
46 8571623
47 8573723
48 8573723
49 8573724
50 8573725
51 8573725
52 8575160
53 8575203
54 8589914
55 8589914
56 8589914
57 8617628
58 8617628
59 8617628
60 8674742
61 8674742
62 8674743
63 8674743
64 8674743
65 8674743
66 8675730
67 8676599
68 8696667
69 8832889
70 8832889
71 8832889
72 8832911
73 8832912
74 8833223
75 8833228
76 8835004
77 8835004
78 8835006
79 8835625
80 8837132
81 8837133
82 8837133
83 8837134
84 8838630
85 8838630
86 8838635
87 8838635
88 8838649
89 8838650
90 8841099
91 8841099
92 8841100
93 8841100
94 8841101
95 8841101
96 8841104
97 8841104
98 8841108
99 8841112
100 8841687
101 8841687
102 8842835
103 8843144
104 8843144
105 8843144
106 8864397
107 8864406
108 8864407
109 8864408
110 8865286
111 8865286
112 8865331
113 8865391
114 8866506
115 8866547
116 8867303
117 8867303
118 8867304
119 8875348
120 8875348
121 8875348
122 8875350
123 8876168
124 8877346
125 8877346
126 8877486
127 8879171
128 8883190
129 8883741
130 8883741
131 8883741
132 8884460
133 8885279
134 8885279
135 8886913
136 8886914
137 8886914
138 8886914
139 8886922
140 8886922
141 8887378
142 8887379
143 8887379
144 8888176
145 8893536
146 8897553
147 8897553
148 8897553
149 8897568
150 8897568
151 8902705
152 8902705
153 8902706
154 8902707
155 8902744
156 8905013
157 8906455
158 8906460
159 8907453
160 8907453
161 8907454
162 8908507
163 8908508
164 8908510
165 8908510
166 8908510
167 8908511
168 8908511
169 8908512
170 8908513
171 8908513
172 8908513
173 8908514
174 8909669
175 8909669
176 8910311
177 8910311
178 8912792
179 8912792
180 8913612
181 8913663
182 8913667
183 8913676
184 8913690
185 8913690
186 8913691
187 8913919
188 8913919
189 8915696
190 8915698
191 8916516
192 8918856
193 8918856
194 8918858
195 8919459
196 8920153
197 8920156
198 8920425
199 8920425
200 8920425
201 8922585
202 8923707
203 8924296
204 8926637
205 8926638
206 8926639
207 8926639
208 8926640
209 8926640
210 8926640
211 8926660
212 8926661
213 8926661
214 8929001
215 8931342
216 8931343
217 8931349
218 8932165
219 8933849
220 8933850
221 8933851
222 8933851
223 8933851
224 8934725
225 8934725
226 8938572
227 8938575
228 8941055
229 8941057
230 8941088
231 8941088
232 8941108
233 8941108
234 8942970
235 8942972
236 8942973
237 8942973
238 8942973
239 8945212
240 8945256
241 8946940
242 8946945
243 8946948
244 8946949
245 8948125
246 8948126
247 8948127
248 8948127
249 8948135
250 8948809
251 8948810
252 8948811
253 8948811
254 8948811
255 8949593
256 8949599
257 8949619
258 8949622
259 8949626
260 8949635
261 8949635
262 8949635
263 8949636
264 8949636
265 8949642
266 8949642
267 8949642
268 8949642
269 8949651
270 8949653
271 8949675
272 8950255
273 8950256
274 8950257
275 8951132
276 8951134
277 8951134
278 8952252
279 8952841
280 8952977
281 8952978
282 8952995
283 8953903
284 8953903
285 8956315
286 8956324
287 8958579
288 8958580
289 8958584
290 8960219
291 8961372
292 8961413
293 8961413
294 8961450
295 8961451
296 8963089
297 8963089
298 8963671
299 8963671
300 8963671
301 8964479
302 8966164
303 8966172
304 8966172
305 8966172
306 8966172
307 8966256
308 8966256
309 8966256
310 8966256
311 8966574
312 8966574
313 8967022
314 8967022
315 8969324
316 8969324
317 8969330
318 8969330
319 8969330
320 8969330
321 8971402
322 8971402
323 8971403
324 8971408
325 8971505
326 8971513
327 8973925
328 8976085
329 8976085
330 8976112
331 8976114
332 8976115
333 8976116
334 8976116
335 8979185
336 8979185
337 8979192
338 8979205
339 8979207
340 8979216
341 8979217
342 8981557
343 8982440
344 8982440
345 8984899
346 8984899
347 8986538
348 8986539
349 8988178
350 8989327
351 8989678
352 8991362
353 8991362
354 8993000
355 8994352
356 8994358
357 8995992
358 8997627
359 8997627
360 8997672
361 8997744
362 8997784
363 8997784
364 8997785
365 8997832
366 8997837
367 8998871
368 8998871
369 8998874
370 8998874
371 9001334
372 9001334
373 9001804
374 9001844
375 9001845
376 9003279
377 9003279
378 9003279
379 9003282
380 9003282
381 9003282
382 9003282
383 9003287
384 9004057
385 9005236
386 9005236
387 9006184
388 9006244
389 9006244
390 9006270
391 9008531
392 9009340
393 9010312
394 9010456
395 9010457
396 9010458
397 9011250
398 9011251
399 9012269
400 9012272
401 9012272
402 9012273
403 9012273
404 9013204
405 9015460
406 9015466
407 9016593
408 9016594
409 9016610
410 9018770
411 9018795
412 9019948
413 9020773
414 9020774
415 9020774
416 9020781
417 9020781
418 9022837
419 9022844
420 9022844
421 9023522
422 9024002
423 9024579
424 9024583
425 9024583
426 9025045
427 9025045
428 9027301
429 9027349
430 9027349
431 9027375
432 9027452
433 9027452
434 9027452
435 9029793
436 9029794
437 9029794
438 9029801
439 9029805
440 9029806
441 9029807
442 9029807
443 9032219
444 9032220
445 9034476
446 9034476
447 9036651
448 9036651
449 9036651
450 9036651
451 9036653
452 9036653
453 9036658
454 9037742
455 9038398
456 9038401
457 9038401
458 9038401
459 9038402
460 9040178
461 9040964
462 9043026
463 9043026
464 9043323
465 9044252
466 9044252
467 9046412
468 9046412
469 9046413
470 9046416
471 9046417
472 9046419
473 9046419
474 9047788
475 9049423
476 9050523
477 9051637
478 9053798
479 9054303
480 9054315
481 9054315
482 9054316
483 9054316
484 9056092
485 9057006
486 9057006
487 9057006
488 9057007
489 9058783
490 9058784
491 9059915
492 9060627
493 9060664
494 9061382
495 9061383
496 9061383
497 9061390
498 9061393
499 9061399
500 9062163
501 9062163
502 9062217
503 9063208
504 9063208
505 9064102
506 9064102
507 9064102
508 9064142
509 9064142
510 9064146
511 9064152
512 9064153
513 9064153
514 9065144
515 9066712
516 9066738
517 9067900
518 9067906
519 9067917
520 9067917
521 9067918
522 9067923
523 9067959
524 9067959
525 9068719
526 9069019
527 9069020
528 9069566
529 9069587
530 9069614
531 9069615
532 9069615
533 9070414
534 9071241
535 9071241
536 9071241
537 9072926
538 9075086
539 9077816
540 9077816
541 9077816
542 9077935
543 9077936
544 9077936
545 9078964
546 9078965
547 9078966
548 9078967
549 9078976
550 9078976
551 9079018
552 9079019
553 9079019
554 9079019
555 9079059
556 9080291
557 9080294
558 9081432
559 9083593
560 9083593
561 9083593
562 9083593
563 9085278
564 9087055
565 9087058
566 9087058
567 9089148
568 9089156
569 9089171
570 9089474
571 9090676
572 9090676
573 9090682
574 9090683
575 9093095
576 9093371
577 9093371
578 9093967
579 9093969
580 9095603
581 9095603
582 9096287
583 9096290
584 9096306
585 9096307
586 9096331
587 9097504
588 9098587
589 9098598
590 9099737
591 9099738
592 9099780
593 9099780
594 9099780
595 9099789
596 9102202
597 9102241
598 9102268
599 9104609
600 9105662
601 9106831
602 9106831
603 9106872
604 9107921
605 9107922
606 9109063
607 9110096
608 9110097
609 9110097
610 9112247
611 9113357
612 9113357
613 9113358
614 9113360
615 9113360
616 9113407
617 9115820
618 9116658
619 9116658
620 9116658
621 9116659
622 9116659
623 9116659
624 9116660
625 9116661
626 9117679
627 9117680
628 9117721
629 9117724
630 9117724
631 9119971
632 9119971
633 9119971
634 9120001
635 9121685
636 9121685
637 9123939
638 9123957
639 9123958
640 9123959
641 9124608
642 9124609
643 9125242
644 9126027
645 9126030
646 9126960
647 9127008
648 9127604
649 9128954
650 9129904
651 9129905
652 9133752
653 9134946
654 9135798
655 9135799
656 9136361
657 9136361
658 9136361
659 9136361
660 9136362
661 9136362
662 9136363
663 9137539
664 9139178
665 9141435
666 9141465
667 9141491
668 9143175
669 9143275
670 9143275
671 9144246
672 9145884
673 9145885
674 9146088
675 9146088
676 9146088
677 9146090
678 9146616
679 9146616
680 9147604
681 9147621
682 9147622
683 9147628
684 9147629
685 9147636
686 9148077
687 9148077
688 9149177
689 9149185
690 9150059
691 9151393
692 9151612
693 9151613
694 9151613
695 9151622
696 9153057
697 9154218
698 9154248
699 9156502
700 9156507
701 9156507
702 9156507
703 9156514
704 9157261
705 9157261
706 9157295
707 9158370
708 9159197
709 9159200
710 9159200
711 9160263
712 9160263
713 9160296
714 9160313
715 9160314
716 9160435
717 9160436
718 9160446
719 9161263
720 9161304
721 9161304
722 9162988
723 9162988
724 9163748
725 9163748
726 9163748
727 9163750
728 9163752
729 9163752
730 9163762
731 9163762
732 9164935
733 9164935
734 9164935
735 9164936
736 9164937
737 9165840
738 9165858
739 9167292
740 9167297
741 9167297
742 9167327
743 9167327
744 9167910
745 9167910
746 9167936
747 9168498
748 9168498
749 9168498
750 9168498
751 9168501
752 9168501
753 9170578
754 9171424
755 9171424
756 9171424
757 9171460
758 9171465
759 9171466
760 9172117
761 9172117
762 9172915
763 9172916
764 9172916
765 9172958
766 9174061
767 9174061
768 9174867
769 9174869
770 9174869
771 9174869
772 9174869
773 9177155
774 9177875
775 9178124
776 9178164
777 9178168
778 9178628
779 9179288
780 9179288
781 9181543
782 9181543
783 9181543
784 9181993
785 9182277
786 9182933
787 9182938
788 9182939
789 9182939
790 9182939
791 9184253
792 9184253
793 9186035
794 9186384
795 9186397
796 9187154
797 9187999
798 9187999
799 9188033
800 9188033
801 9188669
802 9188670
803 9188670
804 9188671
805 9188672
806 9188675
807 9188719
808 9188729
809 9188729
810 9188730
811 9188734
812 9188964
813 9188965
814 9188965
815 9188965
816 9188966
817 9188966
818 9188967
819 9188967
820 9188968
821 9188969
822 9188975
823 9188975
824 9189006
825 9189543
826 9189546
827 9189547
828 9189548
829 9189548
830 9189548
831 9189548
832 9189548
833 9189548
834 9189548
835 9189549
836 9189549
837 9189550
838 9189550
839 9189552
840 9189961
841 9189961
842 9189962
843 9189979
844 9190132
845 9190132
846 9190140
847 9192927
848 9192930
849 9195271
850 9196024
851 9196026
852 9196939
853 9197744
854 9197745
855 9197745
856 9197749
857 9197877
858 9197877
859 9197897
860 9197921
861 9198084
862 9199181
863 9199181
864 9199471
865 9199509
866 9201285
867 9201286
868 9201932
869 9201934
870 9201934
871 9202713
872 9202722
873 9203518
874 9204610
875 9204611
876 9206772
877 9206772
878 9206772
879 9206772
880 9206772
881 9206772
882 9206776
883 9207712
884 9208354
885 9208395
886 9208395
887 9208400
888 9208405
889 9208410
890 9208410
891 9208418
892 9210056
893 9210056
894 9210855
895 9211924
896 9213608
897 9213608
898 9213608
899 9216088
900 9216089
901 9216093
902 9216093
903 9216097
904 9216106
905 9216106
906 9218362
907 9218363
908 9218806
909 9218806
910 9219579
911 9221962
912 9221962
913 9221970
914 9221971
915 9221971
916 9221971
917 9223124
918 9223155
919 9223155
920 9223159
921 9223159
922 9223159
923 9223159
924 9223208
925 9223259
926 9223259
927 9223740
928 9223740
929 9224003
930 9225133
931 9225394
932 9225394
933 9225410
934 9225410
935 9227049
936 9227730
937 9227730
938 9227730
939 9229891
940 9229904
941 9229904
942 9229904
943 9230308
944 9230308
945 9230308
946 9230344
947 9230940
948 9230940
949 9232455
950 9232455
951 9232456
952 9232456
953 9234042
954 9234045
955 9234046
956 9235701
957 9235701
958 9235704
959 9235704
960 9236496
961 9236496
962 9236652
963 9238908
964 9240684
965 9241752
966 9242191
967 9243293
968 9243299
969 9243308
970 9243329
971 9243810
972 9244683
973 9244711
974 9244960
975 9245490
976 9247669
977 9247669
978 9247669
979 9247670
980 9247945
981 9247946
982 9247948
983 9247949
984 9247949
985 9248967
986 9248971
987 9248977
988 9248982
989 9251105
990 9251105
991 9251105
992 9252882
993 9252882
994 9254659
995 9255776
996 9255786
997 9255844
998 9255854
999 9255854
1000 9257539
